48.1313181 11.5919091  50
48.1135340 11.5932484  50
48.2073080 11.5685660  50
48.1273684 11.5995012  50
48.1240937 11.5951778  50
48.1949477 11.5737321  50
48.1303187 11.6065782  50
48.1567559 11.5730236  50
48.1332929 11.6052394  50
48.1343476 11.6000672  50
48.1270936 11.6286227  50
48.1353946 11.4237356  50
48.0907877 11.6390371  50
48.1322045 11.5815046  50
48.1496690 11.5407649  50
48.1812014 11.5650813  50
48.1245666 11.5985394  50
48.1420984 11.5602074  50
48.2083018 11.4742575  50
48.1399217 11.5196824  50
48.2065680 11.5689469  50
48.1847813 11.5189911  50
48.1852441 11.5185322  50
48.1156883 11.5872371  50
48.1171545 11.5377996  50
48.1131782 11.5934793  50
48.1247064 11.5820112  50
48.1375396 11.6301321  50
48.0939227 11.4990418  50
48.2021774 11.5439239  50
48.1603274 11.5051764  50
48.1387135 11.5746643  50
48.1700276 11.6463905  50
48.1158983 11.6150202  50
48.1471516 11.5291858  50
48.1491679 11.5392141  50
48.1499131 11.4586382  50
48.1539238 11.5445040  50
48.1620273 11.5683795  50
48.1595142 11.5778141  50
48.2052148 11.6004143  50
48.1584352 11.5875721  50
48.1368214 11.5827303  50
48.1376239 11.5822067  50
48.1353750 11.5665710  50
48.1167388 11.6045152  50
48.1395422 11.4615642  50
48.1245533 11.5846361  50
48.1247578 11.5841457  50
48.1251426 11.5845895  50
48.1290501 11.5890669  50
48.1475063 11.4601503  50
48.1590050 11.5856624  50
48.1478305 11.6023336  50
48.1484604 11.6022263  50
48.1473872 11.6012103  50
48.1470168 11.6013766  50
48.1133597 11.5933545  50
48.1577399 11.5099371  50
48.1336093 11.5728245  50
48.1333479 11.5721671  50
48.1566310 11.5625116  50
48.1377497 11.5583884  50
48.1595141 11.5344220  50
48.1281532 11.6941890  50
48.0664190 11.5102559  50
48.0762099 11.5195403  50
48.1121056 11.5964851  50
48.1040367 11.6048361  50
48.1124452 11.5969418  50
48.1139254 11.5931276  50
48.1628557 11.5803692  50
48.1381052 11.5794419  50
48.1360672 11.5584538  50
48.1084755 11.4794062  50
48.1015934 11.5403873  50
48.1154405 11.5177447  50
48.1187651 11.5379857  50
48.1370030 11.5542065  50
48.0965429 11.5773245  50
48.1366835 11.5814603  50
48.1273701 11.5520514  50
48.1242998 11.5631400  50
48.1248409 11.5440620  50
48.1335319 11.5678546  50
48.1377038 11.5518393  50
48.1365482 11.5812823  50
48.1181709 11.6678823  50
48.1175120 11.6684723  50
48.1458485 11.5024605  50
48.1695067 11.4962685  50
48.1637074 11.4343665  50
48.1631128 11.4355984  50
48.1633110 11.4351877  50
48.1635092 11.4347771  50
48.1631108 11.5533805  50
48.1389804 11.5538424  50
48.1579330 11.5097595  50
48.1094524 11.5104245  50
48.1756735 11.5860784  50
48.0900477 11.4814434  50
48.0904900 11.4809919  50
48.1097718 11.6488548  50
48.1100727 11.6487154  50
48.1103306 11.6485223  50
48.1310510 11.5661327  50
48.1524249 11.5567761  50
48.1619668 11.5044210  50
48.1580605 11.5550924  50
48.0910626 11.5308211  50
48.0981569 11.5275506  50
48.1026842 11.5196475  50
48.1027584 11.5196419  50
48.1327860 11.5659900  50
48.1189998 11.5377611  50
48.1676425 11.4571606  50
48.1372671 11.5577634  50
48.1376450 11.5644519  50
48.2136058 11.5574064  50
48.1375695 11.5629777  50
48.1411301 11.5189258  50
48.1366503 11.4614198  50
48.1461304 11.5625365  50
48.1454623 11.5627079  50
48.1470194 11.5473112  50
48.1473379 11.5471530  50
48.2139418 11.5631999  50
48.1452243 11.5625440  50
48.1457696 11.5464011  50
48.1456951 11.5474958  50
48.1707378 11.6462446  50
48.1617104 11.5044270  50
48.1330770 11.5695637  50
48.1800042 11.5174582  50
48.1255047 11.6169437  50
48.1246184 11.6657596  50
48.1338314 11.6055885  50
48.1335993 11.6053257  50
48.1019406 11.6438951  50
48.1019571 11.6438951  50
48.1018309 11.6438864  50
48.1018770 11.6438871  50
48.2172428 11.5286855  50
48.1074600 11.4782499  50
48.1345616 11.5995985  50
48.1360069 11.6109884  50
48.1256681 11.6094066  50
48.1495031 11.4355123  50
48.1085867 11.5026214  50
